기간	자치구	동	인구	면적	인구밀도
2015	합계	합계	10,297,138	605.25	17,013
2015	종로구	소계	163,822	23.91	6,851
2015	종로구	사직동	10,033	1.23	8,157
2015	종로구	삼청동	3,174	1.49	2,130
2015	종로구	부암동	11,217	2.27	4,941
2015	종로구	평창동	19,414	8.87	2,189
2015	종로구	무악동	8,619	0.36	23,942
2015	종로구	교남동	4,875	0.35	13,929
2015	종로구	가회동	4,961	0.54	9,187
2015	종로구	종로1.2.3.4가동	8,786	2.35	3,739
2015	종로구	종로5·6가동	6,057	0.6	10,095
2015	종로구	이화동	9,216	0.78	11,815
2015	종로구	창신1동	6,862	0.31	22,135
2015	종로구	창신2동	11,040	0.26	42,462
2015	종로구	창신3동	7,933	0.23	34,491
2015	종로구	숭인1동	7,232	0.23	31,443
2015	종로구	숭인2동	9,983	0.35	28,523
2015	종로구	청운효자동	14,354	2.57	5,585
2015	종로구	혜화동	20,066	1.12	17,916
2015	중구	소계	134,329	9.96	13,486
2015	중구	소공동	1,869	0.95	1,967
2015	중구	회현동	6,263	0.84	7,456
2015	중구	명동	3,521	0.99	3,557
2015	중구	필동	5,101	1.14	4,475
2015	중구	장충동	5,903	1.36	4,340
2015	중구	광희동	5,817	0.74	7,861
2015	중구	을지로동	1,854	0.6	3,090
2015	중구	신당5동	10,449	0.39	26,792
2015	중구	황학동	13,287	0.33	40,264
2015	중구	중림동	8,979	0.48	18,706
2015	중구	신당동	9,042	0.55	16,440
2015	중구	다산동	16,004	0.51	31,380
2015	중구	약수동	19,002	0.48	39,588
2015	중구	청구동	15,555	0.34	45,750
2015	중구	동화동	11,683	0.26	44,935
2015	용산구	소계	247,909	21.87	11,337
2015	용산구	후암동	19,684	0.86	22,888
2015	용산구	용산2가동	13,106	1.96	6,687
2015	용산구	남영동	8,643	1.19	7,263
2015	용산구	원효로2동	15,709	0.71	22,125
2015	용산구	효창동	9,816	0.44	22,309
2015	용산구	용문동	13,027	0.28	46,525
2015	용산구	이촌1동	29,002	2.86	10,141
2015	용산구	이촌2동	9,663	1.22	7,920
2015	용산구	이태원1동	9,030	0.57	15,842
2015	용산구	이태원2동	11,154	0.86	12,970
2015	용산구	서빙고동	14,342	2.8	5,122
2015	용산구	보광동	17,289	0.71	24,351
2015	용산구	청파동	22,366	0.91	24,578
2015	용산구	원효로1동	14,330	0.59	24,288
2015	용산구	한강로동	16,424	2.9	5,663
2015	용산구	한남동	24,324	3.01	8,081
2015	성동구	소계	305,065	16.86	18,093
2015	성동구	왕십리2동	16,540	0.41	40,341
2015	성동구	마장동	25,060	1.06	23,642
2015	성동구	사근동	12,947	1.11	11,664
2015	성동구	행당1동	15,129	0.59	25,642
2015	성동구	행당2동	26,124	0.42	62,200
2015	성동구	응봉동	17,019	0.57	29,858
2015	성동구	금호1가동	13,780	0.46	29,957
2015	성동구	금호4가동	14,771	0.84	17,585
2015	성동구	성수1가1동	17,557	1.98	8,867
2015	성동구	성수1가2동	17,486	0.89	19,647
2015	성동구	성수2가1동	20,080	1.18	17,017
2015	성동구	성수2가3동	12,251	1.03	11,894
2015	성동구	송정동	12,063	0.68	17,740
2015	성동구	용답동	17,207	2.32	7,417
2015	성동구	왕십리도선동	20,808	0.72	28,900
2015	성동구	금호2.3가동	22,962	0.64	35,878
2015	성동구	옥수동	23,281	1.95	11,939
2015	광진구	소계	375,180	17.06	21,987
2015	광진구	화양동	24,419	1.16	21,051
2015	광진구	군자동	22,091	0.74	29,853
2015	광진구	중곡1동	16,526	0.62	26,655
2015	광진구	중곡2동	22,610	0.55	41,109
2015	광진구	중곡3동	18,120	0.6	30,200
2015	광진구	중곡4동	32,041	2.32	13,811
2015	광진구	능동	11,712	1.1	10,647
2015	광진구	구의1동	23,510	0.56	41,982
2015	광진구	구의2동	25,879	1.39	18,618
2015	광진구	구의3동	30,067	1.02	29,477
2015	광진구	광장동	36,917	2.39	15,446
2015	광진구	자양1동	24,151	0.57	42,370
2015	광진구	자양2동	27,877	1.68	16,593
2015	광진구	자양3동	31,227	1.2	26,023
2015	광진구	자양4동	28,033	1.16	24,166
2015	동대문구	소계	373,824	14.21	26,301
2015	동대문구	회기동	12,524	0.76	16,479
2015	동대문구	휘경1동	15,501	0.63	24,605
2015	동대문구	휘경2동	25,519	1.05	24,304
2015	동대문구	청량리동	24,019	1.2	20,016
2015	동대문구	용신동	33,210	1.61	20,627
2015	동대문구	제기동	28,850	1.18	24,449
2015	동대문구	전농1동	31,254	1.21	25,830
2015	동대문구	전농2동	21,234	0.86	24,691
2015	동대문구	답십리1동	26,582	0.84	31,645
2015	동대문구	답십리2동	29,504	0.8	36,880
2015	동대문구	장안1동	38,017	1.25	30,414
2015	동대문구	장안2동	32,289	1.09	29,623
2015	동대문구	이문1동	32,433	1.04	31,186
2015	동대문구	이문2동	22,888	0.69	33,171
2015	중랑구	소계	418,620	18.5	22,633
2015	중랑구	면목2동	27,560	0.73	37,753
2015	중랑구	면목4동	22,345	1.1	20,314
2015	중랑구	면목5동	11,607	0.64	18,136
2015	중랑구	면목7동	24,004	0.87	27,591
2015	중랑구	상봉1동	26,320	0.85	30,965
2015	중랑구	상봉2동	18,629	0.68	27,396
2015	중랑구	중화1동	21,283	0.68	31,299
2015	중랑구	중화2동	29,090	0.98	29,684
2015	중랑구	묵1동	34,885	1.2	29,071
2015	중랑구	묵2동	19,613	0.7	28,019
2015	중랑구	망우3동	18,415	0.99	18,601
2015	중랑구	신내1동	42,150	2.53	16,660
2015	중랑구	신내2동	23,913	0.99	24,155
2015	중랑구	면목본동	36,575	1.01	36,213
2015	중랑구	면목3.8동	28,620	1.67	17,138
2015	중랑구	망우본동	33,611	2.88	11,670
2015	성북구	소계	469,560	24.58	19,104
2015	성북구	돈암1동	17,222	0.49	35,147
2015	성북구	돈암2동	23,722	0.48	49,421
2015	성북구	안암동	18,022	1.33	13,550
2015	성북구	보문동	15,018	0.56	26,818
2015	성북구	정릉1동	19,372	0.44	44,027
2015	성북구	정릉2동	24,644	1.17	21,063
2015	성북구	정릉3동	17,801	3.71	4,798
2015	성북구	정릉4동	27,893	3.13	8,912
2015	성북구	길음1동	38,048	0.79	48,162
2015	성북구	길음2동	16,300	0.58	28,103
2015	성북구	월곡1동	28,751	0.81	35,495
2015	성북구	월곡2동	21,483	1.36	15,796
2015	성북구	장위1동	23,502	0.7	33,574
2015	성북구	장위2동	20,950	0.67	31,269
2015	성북구	장위3동	14,165	0.65	21,792
2015	성북구	성북동	18,536	2.86	6,481
2015	성북구	삼선동	27,936	0.92	30,365
2015	성북구	동선동	16,974	0.73	23,252
2015	성북구	종암동	43,496	1.46	29,792
2015	성북구	석관동	35,725	1.73	20,650
2015	강북구	소계	334,426	23.6	14,172
2015	강북구	번1동	20,541	0.55	37,347
2015	강북구	번2동	18,746	1.25	14,997
2015	강북구	번3동	20,235	0.86	23,529
2015	강북구	수유1동	22,927	1.07	21,427
2015	강북구	수유2동	22,644	0.73	31,019
2015	강북구	수유3동	23,953	0.86	27,852
2015	강북구	삼양동	30,085	0.95	31,668
2015	강북구	미아동	23,756	0.73	32,542
2015	강북구	송중동	31,068	1.22	25,466
2015	강북구	송천동	30,453	0.88	34,606
2015	강북구	삼각산동	34,782	0.62	56,100
2015	강북구	우이동	21,904	10.95	2,000
2015	강북구	인수동	33,332	2.93	11,376
2015	도봉구	소계	353,241	20.71	17,056
2015	도봉구	쌍문1동	22,590	1.24	18,218
2015	도봉구	쌍문2동	21,294	0.54	39,433
2015	도봉구	쌍문3동	18,028	0.5	36,056
2015	도봉구	쌍문4동	21,102	0.52	40,581
2015	도봉구	방학1동	31,622	0.69	45,829
2015	도봉구	방학2동	22,631	0.74	30,582
2015	도봉구	방학3동	30,909	2.64	11,708
2015	도봉구	창1동	27,881	0.88	31,683
2015	도봉구	창2동	31,123	1.07	29,087
2015	도봉구	창3동	15,821	0.67	23,613
2015	도봉구	창4동	29,838	0.96	31,081
2015	도봉구	창5동	27,105	0.7	38,721
2015	도봉구	도봉1동	23,526	8.72	2,698
2015	도봉구	도봉2동	29,771	0.83	35,869
2015	노원구	소계	578,221	35.44	16,317
2015	노원구	월계1동	22,875	1.16	19,720
2015	노원구	월계2동	28,708	1.94	14,798
2015	노원구	월계3동	34,528	1.17	29,511
2015	노원구	공릉2동	45,297	6.82	6,642
2015	노원구	하계1동	29,635	1.55	19,119
2015	노원구	하계2동	25,078	0.51	49,173
2015	노원구	중계본동	28,567	1.97	14,501
2015	노원구	중계1동	29,782	0.63	47,273
2015	노원구	중계4동	22,707	1.7	13,357
2015	노원구	상계1동	42,935	5.62	7,640
2015	노원구	상계2동	22,250	0.61	36,475
2015	노원구	상계5동	28,084	0.44	63,827
2015	노원구	상계8동	26,026	0.67	38,845
2015	노원구	상계9동	23,848	0.81	29,442
2015	노원구	상계10동	19,709	0.8	24,636
2015	노원구	상계3.4동	31,990	5.62	5,692
2015	노원구	상계6.7동	35,872	1.11	32,317
2015	노원구	중계2.3동	40,388	0.9	44,876
2015	노원구	공릉1동	39,942	1.41	28,328
2015	은평구	소계	502,578	29.7	16,920
2015	은평구	녹번동	32,347	1.79	18,071
2015	은평구	불광1동	42,770	3.13	13,665
2015	은평구	갈현1동	25,892	0.97	26,693
2015	은평구	갈현2동	30,309	0.96	31,572
2015	은평구	구산동	34,330	1.38	24,877
2015	은평구	대조동	33,327	0.85	39,208
2015	은평구	응암1동	32,806	1.2	27,338
2015	은평구	응암2동	23,264	0.78	29,826
2015	은평구	신사1동	28,541	0.84	33,977
2015	은평구	신사2동	22,193	1	22,193
2015	은평구	증산동	19,978	0.81	24,664
2015	은평구	수색동	16,723	1.29	12,964
2015	은평구	진관동	53,613	11.52	4,654
2015	은평구	불광2동	29,328	1.38	21,252
2015	은평구	응암3동	27,254	0.63	43,260
2015	은평구	역촌동	49,903	1.16	43,020
2015	서대문구	소계	323,105	17.61	18,351
2015	서대문구	천연동	20,114	0.97	20,736
2015	서대문구	홍제1동	24,438	1.23	19,868
2015	서대문구	홍제3동	19,614	0.81	24,215
2015	서대문구	홍제2동	15,446	1.05	14,710
2015	서대문구	홍은1동	24,842	1.58	15,723
2015	서대문구	홍은2동	30,401	2.06	14,758
2015	서대문구	남가좌1동	11,293	0.51	22,143
2015	서대문구	남가좌2동	27,549	0.77	35,778
2015	서대문구	북가좌1동	19,844	0.52	38,162
2015	서대문구	북가좌2동	34,629	0.84	41,225
2015	서대문구	충현동	19,376	1.12	17,300
2015	서대문구	북아현동	11,154	0.46	24,248
2015	서대문구	신촌동	22,545	2.63	8,572
2015	서대문구	연희동	41,860	3.05	13,725
2015	마포구	소계	398,351	23.84	16,706
2015	마포구	용강동	22,138	0.84	26,355
2015	마포구	대흥동	15,405	0.88	17,506
2015	마포구	염리동	16,005	0.43	37,221
2015	마포구	신수동	20,230	0.78	25,936
2015	마포구	서교동	28,125	1.65	17,045
2015	마포구	합정동	19,986	1.69	11,826
2015	마포구	망원1동	22,751	1.14	19,957
2015	마포구	망원2동	20,809	0.67	31,058
2015	마포구	연남동	19,157	0.65	29,472
2015	마포구	성산1동	21,272	0.8	26,590
2015	마포구	성산2동	40,265	2.07	19,452
2015	마포구	상암동	33,875	8.4	4,033
2015	마포구	도화동	23,403	0.62	37,747
2015	마포구	서강동	26,655	1.45	18,383
2015	마포구	공덕동	39,391	1.01	39,001
2015	마포구	아현동	28,884	0.76	38,005
2015	양천구	소계	489,010	17.4	28,098
2015	양천구	목1동	33,380	1.41	23,674
2015	양천구	목2동	31,694	1.03	30,771
2015	양천구	목3동	22,050	0.53	41,604
2015	양천구	목4동	28,044	0.57	49,200
2015	양천구	신월1동	23,851	0.65	36,694
2015	양천구	신월2동	23,422	0.61	38,397
2015	양천구	신월3동	18,461	0.87	21,220
2015	양천구	신월4동	19,914	0.52	38,296
2015	양천구	신월5동	16,490	0.69	23,899
2015	양천구	신월6동	11,841	0.41	28,880
2015	양천구	신월7동	23,919	1.19	20,100
2015	양천구	신정1동	18,979	0.7	27,113
2015	양천구	신정2동	21,953	0.52	42,217
2015	양천구	신정3동	55,866	2.72	20,539
2015	양천구	신정6동	26,375	0.96	27,474
2015	양천구	신정7동	32,030	1.21	26,471
2015	양천구	목5동	44,545	1.81	24,610
2015	양천구	신정4동	36,196	1.01	35,838
2015	강서구	소계	595,691	41.44	14,376
2015	강서구	염창동	42,118	1.74	24,206
2015	강서구	등촌1동	22,726	0.59	38,519
2015	강서구	등촌2동	21,706	0.92	23,593
2015	강서구	등촌3동	35,567	0.79	45,022
2015	강서구	화곡본동	36,575	1.11	32,950
2015	강서구	화곡2동	20,246	0.47	43,077
2015	강서구	화곡3동	23,556	0.51	46,188
2015	강서구	화곡4동	23,382	0.82	28,515
2015	강서구	화곡6동	25,778	1.12	23,016
2015	강서구	화곡8동	27,311	0.53	51,530
2015	강서구	가양1동	24,996	4.7	5,318
2015	강서구	가양2동	16,775	1	16,775
2015	강서구	가양3동	17,696	0.99	17,875
2015	강서구	발산1동	40,424	2.96	13,657
2015	강서구	공항동	21,088	10.87	1,940
2015	강서구	방화1동	43,914	1.04	42,225
2015	강서구	방화2동	25,212	6.41	3,933
2015	강서구	방화3동	26,257	2.38	11,032
2015	강서구	화곡1동	53,295	1.12	47,585
2015	강서구	우장산동	47,069	1.36	34,610
2015	구로구	소계	454,604	20.12	22,596
2015	구로구	신도림동	38,233	1.47	26,009
2015	구로구	구로1동	22,886	1.02	22,437
2015	구로구	구로3동	28,449	1.02	27,891
2015	구로구	구로4동	29,517	0.46	64,167
2015	구로구	구로5동	34,993	1.03	33,974
2015	구로구	고척1동	25,646	1.16	22,109
2015	구로구	고척2동	30,491	1.02	29,893
2015	구로구	개봉2동	34,765	0.8	43,456
2015	구로구	개봉3동	22,472	0.81	27,743
2015	구로구	오류1동	21,999	0.59	37,286
2015	구로구	오류2동	46,230	4.6	10,050
2015	구로구	수궁동	25,832	2.67	9,675
2015	구로구	가리봉동	18,934	0.4	47,335
2015	구로구	구로2동	38,125	1.76	21,662
2015	구로구	개봉1동	36,032	1.31	27,505
2015	금천구	소계	256,167	13.02	19,675
2015	금천구	가산동	23,926	2.5	9,570
2015	금천구	독산1동	34,010	2.09	16,273
2015	금천구	독산2동	23,644	0.6	39,407
2015	금천구	독산3동	32,016	0.92	34,800
2015	금천구	독산4동	19,806	0.59	33,569
2015	금천구	시흥1동	38,520	1.71	22,526
2015	금천구	시흥2동	24,445	1.26	19,401
2015	금천구	시흥3동	12,689	1.07	11,859
2015	금천구	시흥4동	23,953	0.87	27,532
2015	금천구	시흥5동	23,158	1.39	16,660
2015	영등포구	소계	417,811	24.53	17,033
2015	영등포구	여의동	34,094	8.41	4,054
2015	영등포구	당산1동	21,433	0.75	28,577
2015	영등포구	당산2동	36,016	1.55	23,236
2015	영등포구	양평1동	17,334	0.88	19,698
2015	영등포구	양평2동	22,227	3	7,409
2015	영등포구	신길1동	22,246	0.66	33,706
2015	영등포구	신길3동	16,576	0.48	34,533
2015	영등포구	신길4동	13,186	0.35	37,674
2015	영등포구	신길5동	17,854	0.47	37,987
2015	영등포구	신길6동	23,903	0.68	35,151
2015	영등포구	신길7동	15,212	0.64	23,769
2015	영등포구	대림1동	18,946	0.49	38,665
2015	영등포구	대림2동	24,461	0.55	44,475
2015	영등포구	대림3동	31,178	1	31,178
2015	영등포구	영등포본동	26,898	1.02	26,371
2015	영등포구	영등포동	20,471	1.26	16,247
2015	영등포구	도림동	23,650	0.89	26,573
2015	영등포구	문래동	32,126	1.49	21,561
2015	동작구	소계	412,774	16.35	25,240
2015	동작구	노량진2동	15,374	0.65	23,652
2015	동작구	상도1동	48,387	1.51	32,044
2015	동작구	상도2동	24,880	0.97	25,649
2015	동작구	상도3동	25,490	0.6	42,483
2015	동작구	상도4동	30,151	0.75	40,201
2015	동작구	사당1동	23,877	0.79	30,224
2015	동작구	사당3동	24,835	0.92	26,995
2015	동작구	사당4동	15,279	0.38	40,208
2015	동작구	사당5동	13,718	0.57	24,067
2015	동작구	대방동	40,321	1.55	26,014
2015	동작구	신대방1동	28,145	0.62	45,395
2015	동작구	신대방2동	21,587	1.03	20,958
2015	동작구	흑석동	35,941	1.68	21,393
2015	동작구	노량진1동	33,850	1.58	21,424
2015	동작구	사당2동	30,939	2.75	11,251
2015	관악구	소계	529,031	29.57	17,891
2015	관악구	보라매동	26,976	0.76	35,495
2015	관악구	청림동	17,128	0.3	57,093
2015	관악구	행운동	30,368	0.72	42,178
2015	관악구	낙성대동	18,368	2.27	8,092
2015	관악구	중앙동	15,359	0.39	39,382
2015	관악구	인헌동	28,098	1.08	26,017
2015	관악구	남현동	18,568	3.27	5,678
2015	관악구	서원동	24,108	0.65	37,089
2015	관악구	신원동	20,389	0.55	37,071
2015	관악구	서림동	25,468	0.99	25,725
2015	관악구	신사동	26,976	0.64	42,150
2015	관악구	신림동	20,867	0.54	38,643
2015	관악구	난향동	17,257	0.8	21,571
2015	관악구	조원동	20,489	0.67	30,581
2015	관악구	대학동	23,766	8.3	2,863
2015	관악구	은천동	36,699	0.78	47,050
2015	관악구	성현동	34,294	0.68	50,432
2015	관악구	청룡동	30,849	1.18	26,143
2015	관악구	난곡동	30,810	0.96	32,094
2015	관악구	삼성동	28,164	2.66	10,588
2015	관악구	미성동	34,030	1.38	24,659
2015	서초구	소계	451,258	47	9,601
2015	서초구	서초1동	21,385	1.42	15,060
2015	서초구	서초2동	21,467	1.24	17,312
2015	서초구	서초3동	30,491	2.93	10,406
2015	서초구	서초4동	29,056	0.88	33,018
2015	서초구	잠원동	34,015	1.76	19,327
2015	서초구	반포본동	13,317	1.01	13,185
2015	서초구	반포1동	30,849	1	30,849
2015	서초구	반포2동	19,881	1.35	14,727
2015	서초구	반포3동	20,920	1.28	16,344
2015	서초구	반포4동	20,745	1.43	14,507
2015	서초구	방배본동	22,153	0.67	33,064
2015	서초구	방배1동	17,538	0.7	25,054
2015	서초구	방배2동	28,361	1.93	14,695
2015	서초구	방배3동	24,400	2.4	10,167
2015	서초구	방배4동	26,446	0.98	26,986
2015	서초구	양재1동	47,859	5.76	8,309
2015	서초구	양재2동	23,633	7.58	3,118
2015	서초구	내곡동	18,742	12.68	1,478
2015	강남구	소계	581,760	39.5	14,728
2015	강남구	신사동	18,570	1.89	9,825
2015	강남구	논현1동	25,307	1.25	20,246
2015	강남구	논현2동	23,082	1.47	15,702
2015	강남구	삼성1동	15,531	1.94	8,006
2015	강남구	삼성2동	31,343	1.24	25,277
2015	강남구	대치1동	23,283	0.79	29,472
2015	강남구	대치4동	21,630	0.73	29,630
2015	강남구	역삼1동	36,450	2.35	15,511
2015	강남구	역삼2동	36,314	1.15	31,577
2015	강남구	도곡1동	22,693	1.02	22,248
2015	강남구	도곡2동	35,307	1.02	34,615
2015	강남구	개포1동	21,700	1.27	17,087
2015	강남구	개포4동	22,135	1.49	14,856
2015	강남구	일원본동	25,350	2.58	9,826
2015	강남구	일원1동	17,627	0.92	19,160
2015	강남구	일원2동	16,621	1.24	13,404
2015	강남구	수서동	15,732	1.43	11,001
2015	강남구	세곡동	43,302	6.36	6,808
2015	강남구	압구정동	28,735	2.53	11,358
2015	강남구	청담동	31,129	2.33	13,360
2015	강남구	대치2동	42,565	2	21,283
2015	강남구	개포2동	27,354	2.51	10,898
2015	송파구	소계	667,480	33.88	19,704
2015	송파구	풍납1동	18,782	0.77	24,392
2015	송파구	풍납2동	27,259	1.59	17,144
2015	송파구	거여1동	15,228	0.51	29,859
2015	송파구	거여2동	24,101	0.53	45,474
2015	송파구	마천1동	23,255	0.58	40,095
2015	송파구	마천2동	21,683	0.89	24,363
2015	송파구	방이1동	16,617	0.5	33,234
2015	송파구	방이2동	25,848	0.8	32,310
2015	송파구	오륜동	19,999	3.17	6,309
2015	송파구	오금동	37,291	1.65	22,601
2015	송파구	송파1동	27,046	0.79	34,235
2015	송파구	송파2동	22,275	0.53	42,028
2015	송파구	석촌동	35,478	0.95	37,345
2015	송파구	삼전동	34,293	0.95	36,098
2015	송파구	가락본동	28,918	1.13	25,591
2015	송파구	가락1동	968	1.34	722
2015	송파구	가락2동	35,434	0.96	36,910
2015	송파구	문정1동	22,013	0.56	39,309
2015	송파구	문정2동	18,824	2.2	8,556
2015	송파구	장지동	35,930	1.37	26,226
2015	송파구	위례동	12,030	2.55	4,718
2015	송파구	잠실본동	30,898	0.94	32,870
2015	송파구	잠실4동	30,924	1.56	19,823
2015	송파구	잠실6동	17,826	2.79	6,389
2015	송파구	잠실7동	10,433	0.6	17,388
2015	송파구	잠실2동	37,033	2.18	16,988
2015	송파구	잠실3동	37,094	1.49	24,895
2015	강동구	소계	463,321	24.59	18,842
2015	강동구	강일동	34,023	2.8	12,151
2015	강동구	상일동	24,471	2.65	9,234
2015	강동구	명일1동	23,430	0.61	38,410
2015	강동구	명일2동	18,672	0.97	19,249
2015	강동구	고덕1동	16,548	1.73	9,565
2015	강동구	고덕2동	9,223	2.01	4,589
2015	강동구	암사2동	16,159	1.18	13,694
2015	강동구	암사3동	19,249	2.51	7,669
2015	강동구	천호1동	29,636	0.71	41,741
2015	강동구	천호3동	26,047	0.79	32,971
2015	강동구	성내1동	19,657	0.58	33,891
2015	강동구	성내2동	26,227	0.67	39,145
2015	강동구	성내3동	25,189	0.71	35,477
2015	강동구	둔촌1동	19,264	0.92	20,939
2015	강동구	둔촌2동	28,988	0.98	29,580
2015	강동구	암사1동	37,753	1.02	37,013
2015	강동구	천호2동	37,065	1.57	23,608
2015	강동구	길동	51,720	2.17	23,834